  I            X4                   Y
          0.1000000015E+00   -0.8443075180E+01
          0.2799999952E+01    0.4625062943E+01
     1    0.1449999928E+01    0.5322674274E+01
     2    0.7749999762E+00    0.2142675638E+01
     3    0.4375000000E+00   -0.8808323145E+00
     4    0.6062499881E+00    0.8434857130E+00
     5    0.5218750238E+00    0.5012804270E-01
     6    0.4796875119E+00   -0.3953309059E+00
     7    0.5007812977E+00   -0.1680035591E+00
     8    0.5113281608E+00   -0.5783349276E-01
     9    0.5166015625E+00   -0.3582596779E-02
    10    0.5192382932E+00    0.2333980799E-01
    11    0.5179198980E+00    0.9895265102E-02
    12    0.5172607303E+00    0.3160536289E-02
    13    0.5169311762E+00   -0.2095699310E-03
    14    0.5170959234E+00    0.1475572586E-02
    15    0.5170135498E+00    0.6330609322E-03
    16    0.5169723630E+00    0.2117156982E-03
    17    0.5169517994E+00    0.1192092896E-05
    18    0.5169414878E+00   -0.1041889191E-03
    19    0.5169466734E+00   -0.5131959915E-04
    20    0.5169492364E+00   -0.2497434616E-04
    21    0.5169504881E+00   -0.1209974289E-04
 ~~~~~~~~~~~~~~~~~~~~~~~~~~~~~~~~~~~~~~~~
      X1             X2           X3           X4
  -0.17371E+00  0.27808E+01  0.54830E+01  0.51695E+00
