         -0.0000000000E+00    0.1000000000E+01    0.1009999990E+01
          0.1400000000E+02    0.9999999825E-14   -0.1009999871E+01
     1    0.7000000000E+01    0.1000000012E-06    0.8489342406E-02
     2    0.1050000000E+02    0.3162277731E-10   -0.9780629538E-02
     3    0.8750000000E+01    0.1778279413E-08   -0.1518054283E-02
     4    0.7875000000E+01    0.1333521471E-07    0.3978405613E-02
     5    0.8312500000E+01    0.4869675330E-08    0.1160347136E-02
     6    0.8531250000E+01    0.2942727173E-08   -0.1742577297E-03
     7    0.8421875000E+01    0.3785515457E-08    0.4899952328E-03
     8    0.8476562500E+01    0.3337624621E-08    0.1576266513E-03
     9    0.8503906250E+01    0.3133962201E-08   -0.8307029020E-05
    10    0.8490234375E+01    0.3234190693E-08    0.7465325325E-04
    11    0.8497070312E+01    0.3183681985E-08    0.3317250230E-04
    12    0.8500488281E+01    0.3158724171E-08    0.1243265251E-04
    13    0.8502197266E+01    0.3146318761E-08    0.2062773092E-05
    14    0.8503051758E+01    0.3140134375E-08   -0.3122145699E-05
    15    0.8502624512E+01    0.3143225236E-08   -0.5295267442E-06
    16    0.8502410889E+01    0.3144771554E-08    0.7665701105E-06
    17    0.8502517700E+01    0.3143998173E-08    0.1184153078E-06
