     0   -0.0000000000E+00    0.1000000000E+01    0.1009999990E+01
     2    0.1000000000E+01    0.1000000015E+00    0.1099999994E+00
     3    0.2000000000E+01    0.9999999776E-02    0.1999998279E-01
     4    0.3000000000E+01    0.1000000047E-02    0.1099982392E-01
     5    0.4000000000E+01    0.9999999747E-04    0.1009824220E-01
     6    0.5000000000E+01    0.9999999747E-05    0.9992447682E-02
     7    0.6000000000E+01    0.9999999975E-06    0.9828034788E-02
     8    0.7000000000E+01    0.1000000012E-06    0.8489342406E-02
     9    0.8000000000E+01    0.9999999939E-08    0.3154509468E-02
    10    0.9000000000E+01    0.9999999717E-09   -0.3125329502E-02
