     1              0.00000000000000000000E+00             -0.31999999919207766652E-04
     2              0.10000000474974513054E-02             -0.32140600524144247174E-04
     3              0.20000000949949026108E-02             -0.32315198041032999754E-04
     4              0.30000000260770320892E-02             -0.32517793442821130157E-04
     5              0.40000001899898052216E-02             -0.32742387702455744147E-04
     6              0.50000003539025783539E-02             -0.32982974516926333308E-04
     7              0.60000005178153514862E-02             -0.33233558497158810496E-04
     8              0.70000006817281246185E-02             -0.33488133340142667294E-04
     9              0.80000003799796104431E-02             -0.33740696380846202374E-04
    10              0.90000005438923835754E-02             -0.33985255868174135685E-04
    11              0.10000000707805156708E-01             -0.34215801861137151718E-04
    12              0.11000000871717929840E-01             -0.34426335332682356238E-04
    13              0.12000001035630702972E-01             -0.34610853617778047919E-04
    14              0.13000001199543476105E-01             -0.34763361327350139618E-04
    15              0.14000001363456249237E-01             -0.34877848520409315825E-04
    16              0.15000001527369022369E-01             -0.34948323445860296488E-04
    17              0.16000000759959220886E-01             -0.34968776162713766098E-04
    18              0.17000000923871994019E-01             -0.34933211281895637512E-04
    19              0.18000001087784767151E-01             -0.34835622500395402312E-04
    20              0.19000001251697540283E-01             -0.34670014429138973355E-04
    21              0.20000001415610313416E-01             -0.34430380765115842223E-04
    22              0.21000001579523086548E-01             -0.34110722481273114681E-04
    23              0.22000001743435859680E-01             -0.33705036912579089403E-04
    24              0.23000001907348632812E-01             -0.33207325031980872154E-04
    25              0.24000002071261405945E-01             -0.32611584174446761608E-04
    26              0.25000002235174179077E-01             -0.31911815312923863530E-04
    27              0.26000002399086952209E-01             -0.31102012144401669502E-04
    28              0.27000002562999725342E-01             -0.30176175641827285290E-04
    29              0.28000002726912498474E-01             -0.29128304959158413112E-04
    30              0.29000002890825271606E-01             -0.27952399250352755189E-04
    31              0.30000003054738044739E-01             -0.26642455850378610194E-04
    32              0.31000003218650817871E-01             -0.25192475732183083892E-04
    33              0.32000001519918441772E-01             -0.23596456230734474957E-04
    34              0.32999999821186065674E-01             -0.21848398318979889154E-04
    35              0.33999998122453689575E-01             -0.19942295693908818066E-04
    36              0.34999996423721313477E-01             -0.17872151147457771003E-04
    37              0.35999994724988937378E-01             -0.15631962014595046639E-04
    38              0.36999993026256561279E-01             -0.13215727449278347194E-04
    39              0.37999991327524185181E-01             -0.10617443876981269568E-04
    40              0.38999989628791809082E-01             -0.78311113611562177539E-05
    41              0.39999987930059432983E-01             -0.48507290557608939707E-05
    42              0.40999986231327056885E-01             -0.16702947505109477788E-05
    43              0.41999984532594680786E-01              0.17161929690701072104E-05
    44              0.42999982833862304688E-01              0.53147355174587573856E-05
    45              0.43999981135129928589E-01              0.91313340817578136921E-05
    46              0.44999979436397552490E-01              0.13171989849070087075E-04
    47              0.45999977737665176392E-01              0.17442704120185226202E-04
    48              0.46999976038932800293E-01              0.21949479560134932399E-04
    49              0.47999974340200424194E-01              0.26698317014961503446E-04
    50              0.48999972641468048096E-01              0.31695217330707237124E-04
    51              0.49999970942735671997E-01              0.36946184991393238306E-04
    52              0.50999969244003295898E-01              0.42457217205082997680E-04
    53              0.51999967545270919800E-01              0.48234316636808216572E-04
    54              0.52999965846538543701E-01              0.54283485951600596309E-04
    55              0.53999964147806167603E-01              0.60610724176513031125E-04
    56              0.54999962449073791504E-01              0.67222033976577222347E-04
    57              0.55999960750341415405E-01              0.74123425292782485485E-04
    58              0.56999959051609039307E-01              0.81320882600266486406E-04
    59              0.57999957352876663208E-01              0.88820423115976154804E-04
    60              0.58999955654144287109E-01              0.96628042228985577822E-04
    61              0.59999953955411911011E-01              0.10474973532836884260E-03
    62              0.60999952256679534912E-01              0.11319151235511526465E-03
    63              0.61999950557947158813E-01              0.12195937597425654531E-03
    64              0.62999948859214782715E-01              0.13105932157486677170E-03
    65              0.63999950885772705078E-01              0.14049738820176571608E-03
    66              0.64999952912330627441E-01              0.15027954941615462303E-03
    67              0.65999954938888549805E-01              0.16041180060710757971E-03
    68              0.66999956965446472168E-01              0.17090013716369867325E-03
    69              0.67999958992004394531E-01              0.18175058357883244753E-03
    70              0.68999961018562316895E-01              0.19296912068966776133E-03
    71              0.69999963045120239258E-01              0.20456175843719393015E-03
    72              0.70999965071678161621E-01              0.21653449221048504114E-03
    73              0.71999967098236083984E-01              0.22889331739861518145E-03
    74              0.72999969124794006348E-01              0.24164425849448889494E-03
    75              0.73999971151351928711E-01              0.25479332543909549713E-03
    76              0.74999973177909851074E-01              0.26834645541384816170E-03
    77              0.75999975204467773438E-01              0.28230971656739711761E-03
    78              0.76999977231025695801E-01              0.29668910428881645203E-03
    79              0.77999979257583618164E-01              0.31149058486334979534E-03
    80              0.78999981284141540527E-01              0.32672018278390169144E-03
    81              0.79999983310699462891E-01              0.34238389343954622746E-03
    82              0.80999985337257385254E-01              0.35848774132318794727E-03
    83              0.81999987363815307617E-01              0.37503769272007048130E-03
    84              0.82999989390373229980E-01              0.39203974301926791668E-03
    85              0.83999991416931152344E-01              0.40949994581751525402E-03
    86              0.84999993443489074707E-01              0.42742426740005612373E-03
    87              0.85999995470046997070E-01              0.44581873225979506969E-03
    88              0.86999997496604919434E-01              0.46468930668197572231E-03
    89              0.87999999523162841797E-01              0.48404198605567216873E-03
    90              0.89000001549720764160E-01              0.50388282397761940956E-03
    91              0.90000003576278686523E-01              0.52421778673306107521E-03
    92              0.91000005602836608887E-01              0.54505292791873216629E-03
    93              0.92000007629394531250E-01              0.56639412650838494301E-03
    94              0.93000009655952453613E-01              0.58824755251407623291E-03
    95              0.94000011682510375977E-01              0.61061908490955829620E-03
    96              0.95000013709068298340E-01              0.63351471908390522003E-03
    97              0.96000015735626220703E-01              0.65694050863385200500E-03
    98              0.97000017762184143066E-01              0.68090250715613365173E-03
    99              0.98000019788742065430E-01              0.70540659362450242043E-03
   100              0.99000021815299987793E-01              0.73045882163569331169E-03
   101              0.10000002384185791016E+00              0.75606524478644132614E-03
   102              0.10100002586841583252E+00              0.78223180025815963745E-03
   103              0.10200002789497375488E+00              0.80896454164758324623E-03
   104              0.10300002992153167725E+00              0.83626940613612532616E-03
   105              0.10400003194808959961E+00              0.86415244732052087784E-03
   106              0.10500003397464752197E+00              0.89261966058984398842E-03
   107              0.10600003600120544434E+00              0.92167698312550783157E-03
   108              0.10700003802776336670E+00              0.95133052673190832138E-03
   109              0.10800004005432128906E+00              0.98158617038279771805E-03
   110              0.10900004208087921143E+00              0.10124500840902328491E-02
   111              0.11000004410743713379E+00              0.10439280886203050613E-02
   112              0.11100004613399505615E+00              0.10760263539850711823E-02
   113              0.11200004816055297852E+00              0.11087507009506225586E-02
   114              0.11300005018711090088E+00              0.11421072995290160179E-02
   115              0.11400005221366882324E+00              0.11761019704863429070E-02
   116              0.11500005424022674561E+00              0.12107408838346600533E-02
   117              0.11600005626678466797E+00              0.12460299767553806305E-02
   118              0.11700005829334259033E+00              0.12819753028452396393E-02
   119              0.11800006031990051270E+00              0.13185827992856502533E-02
   120              0.11900006234645843506E+00              0.13558584032580256462E-02
   121              0.12000006437301635742E+00              0.13938082847744226456E-02
   122              0.12100006639957427979E+00              0.14324382646009325981E-02
   123              0.12200006842613220215E+00              0.14717545127496123314E-02
   124              0.12300007045269012451E+00              0.15117629664018750191E-02
   125              0.12400007247924804688E+00              0.15524695627391338348E-02
   126              0.12500007450580596924E+00              0.15938804717734456062E-02
   127              0.12600007653236389160E+00              0.16360015142709016800E-02
   128              0.12700007855892181396E+00              0.16788387438282370567E-02
   129              0.12800008058547973633E+00              0.17223982140421867371E-02
   130              0.12900008261203765869E+00              0.17666858620941638947E-02
   131              0.13000008463859558105E+00              0.18117077415809035301E-02
   132              0.13100008666515350342E+00              0.18574697896838188171E-02
   133              0.13200008869171142578E+00              0.19039780599996447563E-02
   134              0.13300009071826934814E+00              0.19512386061251163483E-02
   135              0.13400009274482727051E+00              0.19992573652416467667E-02
   136              0.13500009477138519287E+00              0.20480402745306491852E-02
   137              0.13600009679794311523E+00              0.20975936204195022583E-02
   138              0.13700009882450103760E+00              0.21479229908436536789E-02
   139              0.13800010085105895996E+00              0.21990346722304821014E-02
   140              0.13900010287761688232E+00              0.22509344853460788727E-02
   141              0.14000010490417480469E+00              0.23036284837871789932E-02
   142              0.14100010693073272705E+00              0.23571229539811611176E-02
   143              0.14200010895729064941E+00              0.24114234838634729385E-02
   144              0.14300011098384857178E+00              0.24665363598614931107E-02
   145              0.14400011301040649414E+00              0.25224674027413129807E-02
   146              0.14500011503696441650E+00              0.25792226660996675491E-02
   147              0.14600011706352233887E+00              0.26368082035332918167E-02
   148              0.14700011909008026123E+00              0.26952298358082771301E-02
   149              0.14800012111663818359E+00              0.27544940821826457977E-02
   150              0.14900012314319610596E+00              0.28146062977612018585E-02
   151              0.15000012516975402832E+00              0.28755727689713239670E-02
   152              0.15100012719631195068E+00              0.29373995494097471237E-02
   153              0.15200012922286987305E+00              0.30000926926732063293E-02
   154              0.15300013124942779541E+00              0.30636580195277929306E-02
   155              0.15400013327598571777E+00              0.31281015835702419281E-02
   156              0.15500013530254364014E+00              0.31934294383972883224E-02
   157              0.15600013732910156250E+00              0.32596476376056671143E-02
   158              0.15700013935565948486E+00              0.33267620019614696503E-02
   159              0.15800014138221740723E+00              0.33947785850614309311E-02
   160              0.15900014340877532959E+00              0.34637034405022859573E-02
   161              0.16000014543533325195E+00              0.35335428547114133835E-02
   162              0.16100014746189117432E+00              0.36043021827936172485E-02
   163              0.16200014948844909668E+00              0.36759879440069198608E-02
   164              0.16300015151500701904E+00              0.37486061919480562210E-02
   165              0.16400015354156494141E+00              0.38221625145524740219E-02
   166              0.16500015556812286377E+00              0.38966629654169082642E-02
   167              0.16600015759468078613E+00              0.39721140637993812561E-02
   168              0.16700015962123870850E+00              0.40485211648046970367E-02
   169              0.16800016164779663086E+00              0.41258907876908779144E-02
   170              0.16900016367435455322E+00              0.42042285203933715820E-02
   171              0.17000016570091247559E+00              0.42835404165089130402E-02
   172              0.17100016772747039795E+00              0.43638329952955245972E-02
   173              0.17200016975402832031E+00              0.44451118446886539459E-02
   174              0.17300017178058624268E+00              0.45273825526237487793E-02
   175              0.17400017380714416504E+00              0.46106521040201187134E-02
   176              0.17500017583370208740E+00              0.46949256211519241333E-02
   177              0.17600017786026000977E+00              0.47802096232771873474E-02
   178              0.17700017988681793213E+00              0.48665101639926433563E-02
   179              0.17800018191337585449E+00              0.49538323655724525452E-02
   180              0.17900018393993377686E+00              0.50421836785972118378E-02
   181              0.18000018596649169922E+00              0.51315687596797943115E-02
   182              0.18100018799304962158E+00              0.52219941280782222748E-02
   183              0.18200019001960754395E+00              0.53134663030505180359E-02
   184              0.18300019204616546631E+00              0.54059904068708419800E-02
   185              0.18400019407272338867E+00              0.54995729587972164154E-02
   186              0.18500019609928131104E+00              0.55942200124263763428E-02
   187              0.18600019812583923340E+00              0.56899371556937694550E-02
   188              0.18700020015239715576E+00              0.57867304421961307526E-02
   189              0.18800020217895507812E+00              0.58846063911914825439E-02
   190              0.18900020420551300049E+00              0.59835705906152725220E-02
   191              0.19000020623207092285E+00              0.60836295597255229950E-02
   192              0.19100020825862884521E+00              0.61847884207963943481E-02
   193              0.19200021028518676758E+00              0.62870536930859088898E-02
   194              0.19300021231174468994E+00              0.63904314301908016205E-02
   195              0.19400021433830261230E+00              0.64949272200465202332E-02
   196              0.19500021636486053467E+00              0.66005475819110870361E-02
   197              0.19600021839141845703E+00              0.67072985693812370300E-02
   198              0.19700022041797637939E+00              0.68151857703924179077E-02
   199              0.19800022244453430176E+00              0.69242152385413646698E-02
   200              0.19900022447109222412E+00              0.70343930274248123169E-02
   201              0.20000022649765014648E+00              0.71457251906394958496E-02
   202              0.20100022852420806885E+00              0.72582177817821502686E-02
   203              0.20200023055076599121E+00              0.73718768544495105743E-02
   204              0.20300023257732391357E+00              0.74867079965770244598E-02
   205              0.20400023460388183594E+00              0.76027177274227142334E-02
   206              0.20500023663043975830E+00              0.77199121005833148956E-02
   207              0.20600023865699768066E+00              0.78382967039942741394E-02
   208              0.20700024068355560303E+00              0.79578775912523269653E-02
   209              0.20800024271011352539E+00              0.80786608159542083740E-02
   210              0.20900024473667144775E+00              0.82006528973579406738E-02
   211              0.21000024676322937012E+00              0.83238584920763969421E-02
   212              0.21100024878978729248E+00              0.84482850506901741028E-02
   213              0.21200025081634521484E+00              0.85739381611347198486E-02
   214              0.21300025284290313721E+00              0.87008234113454818726E-02
   215              0.21400025486946105957E+00              0.88289473205804824829E-02
   216              0.21500025689601898193E+00              0.89583154767751693726E-02
   217              0.21600025892257690430E+00              0.90889334678649902344E-02
   218              0.21700026094913482666E+00              0.92208087444305419922E-02
   219              0.21800026297569274902E+00              0.93539459630846977234E-02
   220              0.21900026500225067139E+00              0.94883516430854797363E-02
   221              0.22000026702880859375E+00              0.96240323036909103394E-02
   222              0.22100026905536651611E+00              0.97609926015138626099E-02
   223              0.22200027108192443848E+00              0.98992399871349334717E-02
   224              0.22300027310848236084E+00              0.10038779117166996002E-01
   225              0.22400027513504028320E+00              0.10179617442190647125E-01
   226              0.22500027716159820557E+00              0.10321759618818759918E-01
   227              0.22600027918815612793E+00              0.10465212166309356689E-01
   228              0.22700028121471405029E+00              0.10609981603920459747E-01
   229              0.22800028324127197266E+00              0.10756073519587516785E-01
   230              0.22900028526782989502E+00              0.10903493501245975494E-01
   231              0.23000028729438781738E+00              0.11052248068153858185E-01
   232              0.23100028932094573975E+00              0.11202343739569187164E-01
   233              0.23200029134750366211E+00              0.11353785172104835510E-01
   234              0.23300029337406158447E+00              0.11506578885018825531E-01
   235              0.23400029540061950684E+00              0.11660731397569179535E-01
   236              0.23500029742717742920E+00              0.11816248297691345215E-01
   237              0.23600029945373535156E+00              0.11973136104643344879E-01
   238              0.23700030148029327393E+00              0.12131399475038051605E-01
   239              0.23800030350685119629E+00              0.12291045859456062317E-01
   240              0.23900030553340911865E+00              0.12452080845832824707E-01
   241              0.24000030755996704102E+00              0.12614510022103786469E-01
   242              0.24100030958652496338E+00              0.12778339907526969910E-01
   243              0.24200031161308288574E+00              0.12943576090037822723E-01
   244              0.24300031363964080811E+00              0.13110225088894367218E-01
   245              0.24400031566619873047E+00              0.13278292492032051086E-01
   246              0.24500031769275665283E+00              0.13447783887386322021E-01
   247              0.24600031971931457520E+00              0.13618706725537776947E-01
   248              0.24700032174587249756E+00              0.13791065663099288940E-01
   249              0.24800032377243041992E+00              0.13964866288006305695E-01
   250              0.24900032579898834229E+00              0.14140116050839424133E-01
   251              0.25000032782554626465E+00              0.14316820539534091949E-01
   252              0.25100031495094299316E+00              0.14494982548058032990E-01
   253              0.25200030207633972168E+00              0.14674611389636993408E-01
   254              0.25300028920173645020E+00              0.14855712652206420898E-01
   255              0.25400027632713317871E+00              0.15038291923701763153E-01
   256              0.25500026345252990723E+00              0.15222355723381042480E-01
   257              0.25600025057792663574E+00              0.15407910570502281189E-01
   258              0.25700023770332336426E+00              0.15594961121678352356E-01
   259              0.25800022482872009277E+00              0.15783514827489852905E-01
   260              0.25900021195411682129E+00              0.15973577275872230530E-01
   261              0.26000019907951354980E+00              0.16165154054760932922E-01
   262              0.26100018620491027832E+00              0.16358250752091407776E-01
   263              0.26200017333030700684E+00              0.16552872955799102783E-01
   264              0.26300016045570373535E+00              0.16749029979109764099E-01
   265              0.26400014758110046387E+00              0.16946723684668540955E-01
   266              0.26500013470649719238E+00              0.17145963385701179504E-01
   267              0.26600012183189392090E+00              0.17346752807497978210E-01
   268              0.26700010895729064941E+00              0.17549099400639533997E-01
   269              0.26800009608268737793E+00              0.17753006890416145325E-01
   270              0.26900008320808410645E+00              0.17958484590053558350E-01
   271              0.27000007033348083496E+00              0.18165536224842071533E-01
   272              0.27100005745887756348E+00              0.18374167382717132568E-01
   273              0.27200004458427429199E+00              0.18584385514259338379E-01
   274              0.27300003170967102051E+00              0.18796198070049285889E-01
   275              0.27400001883506774902E+00              0.19009606912732124329E-01
   276              0.27500000596046447754E+00              0.19224621355533599854E-01
   277              0.27599999308586120605E+00              0.19441245123744010925E-01
   278              0.27699998021125793457E+00              0.19659487530589103699E-01
   279              0.27799996733665466309E+00              0.19879350438714027405E-01
   280              0.27899995446205139160E+00              0.20100843161344528198E-01
   281              0.27999994158744812012E+00              0.20323969423770904541E-01
   282              0.28099992871284484863E+00              0.20548738539218902588E-01
   283              0.28199991583824157715E+00              0.20775152370333671570E-01
   284              0.28299990296363830566E+00              0.21003218367695808411E-01
   285              0.28399989008903503418E+00              0.21232943981885910034E-01
   286              0.28499987721443176270E+00              0.21464332938194274902E-01
   287              0.28599986433982849121E+00              0.21697392687201499939E-01
   288              0.28699985146522521973E+00              0.21932130679488182068E-01
   289              0.28799983859062194824E+00              0.22168548777699470520E-01
   290              0.28899982571601867676E+00              0.22406658157706260681E-01
   291              0.28999981284141540527E+00              0.22646460682153701782E-01
   292              0.29099979996681213379E+00              0.22887963801622390747E-01
   293              0.29199978709220886230E+00              0.23131173104047775269E-01
   294              0.29299977421760559082E+00              0.23376094177365303040E-01
   295              0.29399976134300231934E+00              0.23622736334800720215E-01
   296              0.29499974846839904785E+00              0.23871101438999176025E-01
   297              0.29599973559379577637E+00              0.24121196940541267395E-01
   298              0.29699972271919250488E+00              0.24373030290007591248E-01
   299              0.29799970984458923340E+00              0.24626605212688446045E-01
   300              0.29899969696998596191E+00              0.24881929159164428711E-01
   301              0.29999968409538269043E+00              0.25139007717370986938E-01
   302              0.30099967122077941895E+00              0.25397846475243568420E-01
   303              0.30199965834617614746E+00              0.25658451020717620850E-01
   304              0.30299964547157287598E+00              0.25920830667018890381E-01
   305              0.30399963259696960449E+00              0.26184987276792526245E-01
   306              0.30499961972236633301E+00              0.26450928300619125366E-01
   307              0.30599960684776306152E+00              0.26718661189079284668E-01
   308              0.30699959397315979004E+00              0.26988189667463302612E-01
   309              0.30799958109855651855E+00              0.27259521186351776123E-01
   310              0.30899956822395324707E+00              0.27532661333680152893E-01
   311              0.30999955534934997559E+00              0.27807615697383880615E-01
   312              0.31099954247474670410E+00              0.28084389865398406982E-01
   313              0.31199952960014343262E+00              0.28362993150949478149E-01
   314              0.31299951672554016113E+00              0.28643427416682243347E-01
   315              0.31399950385093688965E+00              0.28925700113177299500E-01
   316              0.31499949097633361816E+00              0.29209818691015243530E-01
   317              0.31599947810173034668E+00              0.29495786875486373901E-01
   318              0.31699946522712707520E+00              0.29783612117171287537E-01
   319              0.31799945235252380371E+00              0.30073300004005432129E-01
   320              0.31899943947792053223E+00              0.30364856123924255371E-01
   321              0.31999942660331726074E+00              0.30658287927508354187E-01
   322              0.32099941372871398926E+00              0.30953599140048027039E-01
   323              0.32199940085411071777E+00              0.31250797212123870850E-01
   324              0.32299938797950744629E+00              0.31549889594316482544E-01
   325              0.32399937510490417480E+00              0.31850878149271011353E-01
   326              0.32499936223030090332E+00              0.32153774052858352661E-01
   327              0.32599934935569763184E+00              0.32458577305078506470E-01
   328              0.32699933648109436035E+00              0.32765299081802368164E-01
   329              0.32799932360649108887E+00              0.33073943108320236206E-01
   330              0.32899931073188781738E+00              0.33384516835212707520E-01
   331              0.32999929785728454590E+00              0.33697027713060379028E-01
   332              0.33099928498268127441E+00              0.34011475741863250732E-01
   333              0.33199927210807800293E+00              0.34327868372201919556E-01
   334              0.33299925923347473145E+00              0.34646216779947280884E-01
   335              0.33399924635887145996E+00              0.34966524690389633179E-01
   336              0.33499923348426818848E+00              0.35288795828819274902E-01
   337              0.33599922060966491699E+00              0.35613037645816802979E-01
   338              0.33699920773506164551E+00              0.35939257591962814331E-01
   339              0.33799919486045837402E+00              0.36267459392547607422E-01
   340              0.33899918198585510254E+00              0.36597650498151779175E-01
   341              0.33999916911125183105E+00              0.36929834634065628052E-01
   342              0.34099915623664855957E+00              0.37264019250869750977E-01
   343              0.34199914336204528809E+00              0.37600211799144744873E-01
   344              0.34299913048744201660E+00              0.37938419729471206665E-01
   345              0.34399911761283874512E+00              0.38278643041849136353E-01
   346              0.34499910473823547363E+00              0.38620892912149429321E-01
   347              0.34599909186363220215E+00              0.38965169340372085571E-01
   348              0.34699907898902893066E+00              0.39311487227678298950E-01
   349              0.34799906611442565918E+00              0.39659846574068069458E-01
   350              0.34899905323982238770E+00              0.40010254830121994019E-01
   351              0.34999904036521911621E+00              0.40362715721130371094E-01
   352              0.35099902749061584473E+00              0.40717240422964096069E-01
   353              0.35199901461601257324E+00              0.41073828935623168945E-01
   354              0.35299900174140930176E+00              0.41432492434978485107E-01
   355              0.35399898886680603027E+00              0.41793234646320343018E-01
   356              0.35499897599220275879E+00              0.42156059294939041138E-01
   357              0.35599896311759948730E+00              0.42520977556705474854E-01
   358              0.35699895024299621582E+00              0.42887993156909942627E-01
   359              0.35799893736839294434E+00              0.43257109820842742920E-01
   360              0.35899892449378967285E+00              0.43628334999084472656E-01
   361              0.35999891161918640137E+00              0.44001676142215728760E-01
   362              0.36099889874458312988E+00              0.44377136975526809692E-01
   363              0.36199888586997985840E+00              0.44754724949598312378E-01
   364              0.36299887299537658691E+00              0.45134443789720535278E-01
   365              0.36399886012077331543E+00              0.45516304671764373779E-01
   366              0.36499884724617004395E+00              0.45900307595729827881E-01
   367              0.36599883437156677246E+00              0.46286463737487792969E-01
   368              0.36699882149696350098E+00              0.46674776822328567505E-01
   369              0.36799880862236022949E+00              0.47065250575542449951E-01
   370              0.36899879574775695801E+00              0.47457892447710037231E-01
   371              0.36999878287315368652E+00              0.47852713614702224731E-01
   372              0.37099876999855041504E+00              0.48249710351228713989E-01
   373              0.37199875712394714355E+00              0.48648897558450698853E-01
   374              0.37299874424934387207E+00              0.49050275236368179321E-01
   375              0.37399873137474060059E+00              0.49453854560852050781E-01
   376              0.37499871850013732910E+00              0.49859635531902313232E-01
   377              0.37599870562553405762E+00              0.50267629325389862061E-01
   378              0.37699869275093078613E+00              0.50677839666604995728E-01
   379              0.37799867987632751465E+00              0.51090274006128311157E-01
   380              0.37899866700172424316E+00              0.51504936069250106812E-01
   381              0.37999865412712097168E+00              0.51921833306550979614E-01
   382              0.38099864125251770020E+00              0.52340969443321228027E-01
   383              0.38199862837791442871E+00              0.52762355655431747437E-01
   384              0.38299861550331115723E+00              0.53185991942882537842E-01
   385              0.38399860262870788574E+00              0.53611889481544494629E-01
   386              0.38499858975410461426E+00              0.54040051996707916260E-01
   387              0.38599857687950134277E+00              0.54470483213663101196E-01
   388              0.38699856400489807129E+00              0.54903190582990646362E-01
   389              0.38799855113029479980E+00              0.55338185280561447144E-01
   390              0.38899853825569152832E+00              0.55775463581085205078E-01
   391              0.38999852538108825684E+00              0.56215040385723114014E-01
   392              0.39099851250648498535E+00              0.56656915694475173950E-01
   393              0.39199849963188171387E+00              0.57101100683212280273E-01
   394              0.39299848675727844238E+00              0.57547599077224731445E-01
   395              0.39399847388267517090E+00              0.57996410876512527466E-01
   396              0.39499846100807189941E+00              0.58447554707527160645E-01
   397              0.39599844813346862793E+00              0.58901023119688034058E-01
   398              0.39699843525886535645E+00              0.59356831014156341553E-01
   399              0.39799842238426208496E+00              0.59814982116222381592E-01
   400              0.39899840950965881348E+00              0.60275483876466751099E-01
   401              0.39999839663505554199E+00              0.60738340020179748535E-01
   402              0.40099838376045227051E+00              0.61203554272651672363E-01
   403              0.40199837088584899902E+00              0.61671137809753417969E-01
   404              0.40299835801124572754E+00              0.62141094356775283813E-01
   405              0.40399834513664245605E+00              0.62613427639007568359E-01
   406              0.40499833226203918457E+00              0.63088148832321166992E-01
   407              0.40599831938743591309E+00              0.63565254211425781250E-01
   408              0.40699830651283264160E+00              0.64044766128063201904E-01
   409              0.40799829363822937012E+00              0.64526677131652832031E-01
   410              0.40899828076362609863E+00              0.65010994672775268555E-01
   411              0.40999826788902282715E+00              0.65497726202011108398E-01
   412              0.41099825501441955566E+00              0.65986886620521545410E-01
   413              0.41199824213981628418E+00              0.66478468477725982666E-01
   414              0.41299822926521301270E+00              0.66972479224205017090E-01
   415              0.41399821639060974121E+00              0.67468933761119842529E-01
   416              0.41499820351600646973E+00              0.67967839539051055908E-01
   417              0.41599819064140319824E+00              0.68469189107418060303E-01
   418              0.41699817776679992676E+00              0.68972997367382049561E-01
   419              0.41799816489219665527E+00              0.69479264318943023682E-01
   420              0.41899815201759338379E+00              0.69988004863262176514E-01
   421              0.41999813914299011230E+00              0.70499219000339508057E-01
   422              0.42099812626838684082E+00              0.71012914180755615234E-01
   423              0.42199811339378356934E+00              0.71529097855091094971E-01
   424              0.42299810051918029785E+00              0.72047770023345947266E-01
   425              0.42399808764457702637E+00              0.72568945586681365967E-01
   426              0.42499807476997375488E+00              0.73092624545097351074E-01
   427              0.42599806189537048340E+00              0.73618814349174499512E-01
   428              0.42699804902076721191E+00              0.74147522449493408203E-01
   429              0.42799803614616394043E+00              0.74678756296634674072E-01
   430              0.42899802327156066895E+00              0.75212515890598297119E-01
   431              0.42999801039695739746E+00              0.75748808681964874268E-01
   432              0.43099799752235412598E+00              0.76287642121315002441E-01
   433              0.43199798464775085449E+00              0.76829023659229278564E-01
   434              0.43299797177314758301E+00              0.77372960746288299561E-01
   435              0.43399795889854431152E+00              0.77919453382492065430E-01
   436              0.43499794602394104004E+00              0.78468516469001770020E-01
   437              0.43599793314933776855E+00              0.79020150005817413330E-01
   438              0.43699792027473449707E+00              0.79574353992938995361E-01
   439              0.43799790740013122559E+00              0.80131143331527709961E-01
   440              0.43899789452552795410E+00              0.80690525472164154053E-01
   441              0.43999788165092468262E+00              0.81252500414848327637E-01
   442              0.44099786877632141113E+00              0.81817075610160827637E-01
   443              0.44199785590171813965E+00              0.82384258508682250977E-01
   444              0.44299784302711486816E+00              0.82954056560993194580E-01
   445              0.44399783015251159668E+00              0.83526477217674255371E-01
   446              0.44499781727790832520E+00              0.84101513028144836426E-01
   447              0.44599780440330505371E+00              0.84679186344146728516E-01
   448              0.44699779152870178223E+00              0.85259497165679931641E-01
   449              0.44799777865409851074E+00              0.85842445492744445801E-01
   450              0.44899776577949523926E+00              0.86428046226501464844E-01
   451              0.44999775290489196777E+00              0.87016306817531585693E-01
   452              0.45099774003028869629E+00              0.87607219815254211426E-01
   453              0.45199772715568542480E+00              0.88200807571411132812E-01
   454              0.45299771428108215332E+00              0.88797062635421752930E-01
   455              0.45399770140647888184E+00              0.89395999908447265625E-01
   456              0.45499768853187561035E+00              0.89997626841068267822E-01
   457              0.45599767565727233887E+00              0.90601935982704162598E-01
   458              0.45699766278266906738E+00              0.91208949685096740723E-01
   459              0.45799764990806579590E+00              0.91818660497665405273E-01
   460              0.45899763703346252441E+00              0.92431083321571350098E-01
   461              0.45999762415885925293E+00              0.93046218156814575195E-01
   462              0.46099761128425598145E+00              0.93664079904556274414E-01
   463              0.46199759840965270996E+00              0.94284668564796447754E-01
   464              0.46299758553504943848E+00              0.94907984137535095215E-01
   465              0.46399757266044616699E+00              0.95534041523933410645E-01
   466              0.46499755978584289551E+00              0.96162848174571990967E-01
   467              0.46599754691123962402E+00              0.96794404089450836182E-01
   468              0.46699753403663635254E+00              0.97428716719150543213E-01
   469              0.46799752116203308105E+00              0.98065786063671112061E-01
   470              0.46899750828742980957E+00              0.98705634474754333496E-01
   471              0.46999749541282653809E+00              0.99348254501819610596E-01
   472              0.47099748253822326660E+00              0.99993653595447540283E-01
   473              0.47199746966361999512E+00              0.10064183920621871948E+00
   474              0.47299745678901672363E+00              0.10129281878471374512E+00
   475              0.47399744391441345215E+00              0.10194659978151321411E+00
   476              0.47499743103981018066E+00              0.10260318964719772339E+00
   477              0.47599741816520690918E+00              0.10326258838176727295E+00
   478              0.47699740529060363770E+00              0.10392479598522186279E+00
   479              0.47799739241600036621E+00              0.10458983480930328369E+00
   480              0.47899737954139709473E+00              0.10525770485401153564E+00
   481              0.47999736666679382324E+00              0.10592840611934661865E+00
   482              0.48099735379219055176E+00              0.10660194605588912964E+00
   483              0.48199734091758728027E+00              0.10727833956480026245E+00
   484              0.48299732804298400879E+00              0.10795757919549942017E+00
   485              0.48399731516838073730E+00              0.10863968729972839355E+00
   486              0.48499730229377746582E+00              0.10932465642690658569E+00
   487              0.48599728941917419434E+00              0.11001249402761459351E+00
   488              0.48699727654457092285E+00              0.11070320755243301392E+00
   489              0.48799726366996765137E+00              0.11139681190252304077E+00
   490              0.48899725079536437988E+00              0.11209329962730407715E+00
   491              0.48999723792076110840E+00              0.11279268562793731689E+00
   492              0.49099722504615783691E+00              0.11349496990442276001E+00
   493              0.49199721217155456543E+00              0.11420015990734100342E+00
   494              0.49299719929695129395E+00              0.11490827053785324097E+00
   495              0.49399718642234802246E+00              0.11561929434537887573E+00
   496              0.49499717354774475098E+00              0.11633324623107910156E+00
   497              0.49599716067314147949E+00              0.11705012619495391846E+00
   498              0.49699714779853820801E+00              0.11776994913816452026E+00
   499              0.49799713492393493652E+00              0.11849270761013031006E+00
   500              0.49899712204933166504E+00              0.11921842396259307861E+00
