   I=          X=                  Y=
          0.1999999955E-01   -0.3443038077E-04
          0.5000000000E+00    0.1199491993E+00
     1    0.2599999905E+00    0.1616511308E-01
     2    0.1400000006E+00    0.2303622896E-02
     3    0.7999999821E-01    0.3423841263E-03
     4    0.4999999702E-01    0.3694632687E-04
     5    0.3499999642E-01   -0.1787215115E-04
     6    0.4249999672E-01    0.3488630000E-05
     7    0.3874999657E-01   -0.8545633136E-05
     8    0.4062499851E-01   -0.2886744142E-05
     9    0.4156249762E-01    0.2089085172E-06
    10    0.4109374806E-01   -0.1361617365E-05
    11    0.4132812470E-01   -0.5820616593E-06
    12    0.4144531116E-01   -0.1880097642E-06
    13    0.4150390625E-01    0.1009678208E-07
    14    0.4147461057E-01   -0.8903985105E-07
    15    0.4148925841E-01   -0.3949395477E-07
    16    0.4149658233E-01   -0.1470419253E-07
    17    0.4150024429E-01   -0.2305106994E-08
    18    0.4150207341E-01    0.3889178757E-08
 ~~~~~~~~~~~~~~~~~~~~~~~~~~~~~~~~~~~~~~~~
      CL          PB        PBCL       PBCL2       PBCL3       PBCL4           S
   0.4150E-01  0.9290E-02  0.2930E-02  0.4944E-03  0.8167E-05  0.2398E-06  0.1272E-01
