  I             X                        Y
               0.0000000000E+00        -0.1000000000E+01
               0.1000000000E+01         0.1000000000E+01
     1         0.5000000000E+00        -0.2500000000E+00
     2         0.7500000000E+00         0.3125000000E+00
     3         0.6250000000E+00         0.1562500000E-01
     4         0.5625000000E+00        -0.1210937500E+00
     5         0.5937500000E+00        -0.5371093750E-01
     6         0.6093750000E+00        -0.1928710938E-01
     7         0.6171875000E+00        -0.1892089844E-02
     8         0.6210937500E+00         0.6851196289E-02
     9         0.6191406250E+00         0.2475738525E-02
    10         0.6181640625E+00         0.2908706665E-03
    11         0.6176757812E+00        -0.8008480072E-03
    12         0.6179199219E+00        -0.2550482750E-03
    13         0.6180419922E+00         0.1789629459E-04
    14         0.6179809570E+00        -0.1185797155E-03
    15         0.6180114746E+00        -0.5034264177E-04
    16         0.6180267334E+00        -0.1622340642E-04
    17         0.6180343628E+00         0.8363858797E-06
    18         0.6180305481E+00        -0.7693524822E-05
    19         0.6180324554E+00        -0.3428573109E-05
    20         0.6180334091E+00        -0.1296094524E-05
    21         0.6180338860E+00        -0.2298545496E-06
    22         0.6180341244E+00         0.3032656082E-06
    23         0.6180340052E+00         0.3670551507E-07
