    I=                 X=                   Y=
     1    0.0000000000E+00   -0.1000000000E+01
     2    0.1000000000E+01    0.1000000000E+01
     3    0.5000000000E+00   -0.2500000000E+00
     4    0.6666666865E+00    0.1111111566E+00
     5    0.5999999642E+00   -0.4000007734E-01
     6    0.6250000000E+00    0.1562500000E-01
     7    0.6153846383E+00   -0.5917108618E-02
     8    0.6190475821E+00    0.2267491072E-02
     9    0.6176470518E+00   -0.8650675882E-03
    10    0.6181818247E+00    0.3305930586E-03
    11    0.6179775000E+00   -0.1263095764E-03
    12    0.6180555820E+00    0.4828454621E-04
    13    0.6180257201E+00   -0.1848915053E-04
    14    0.6180371642E+00    0.7100557468E-05
    15    0.6180327535E+00   -0.2762173835E-05
    16    0.6180344820E+00    0.1102946044E-05
    17    0.6180338264E+00   -0.3631345749E-06
    18    0.6180340648E+00    0.1699855545E-06
    19    0.6180339456E+00   -0.9657452438E-07
